no
10900
15297
798
701
no
23698
34502
798
701
no
49305
18502
798
701
no
39701
47299
797
701
no
84501
44100
797
701
no
94099
24900
797
701
no
113301
34502
797
701
no
148501
21702
797
701
no
167701
31302
797
701
no
151701
47298
797
701
yes
700
7641
40701
yes
2000
2187
20315
yes
2000
5409
13896
yes
2000
30978
16978
yes
2000
5391
45834
yes
2000
18200
52243
yes
2000
66191
49304
yes
2000
75752
45617
yes
2000
75800
20053
yes
2000
66212
17081
yes
2000
59834
39271
yes
2000
50168
33171
yes
2000
123800
39239
yes
2000
120622
20287
yes
2000
133409
20295
yes
2000
1
1
yes
2000
146191
30118
yes
2000
158970
45869
yes
2000
174963
32981
yes
2000
171774
17295
yes
2900
67290
28981
yes
2900
124906
16168
no
3225
57625
6975
1175
no
9650
54425
600
3175
no
10318
54413
63881
1168
no
73575
54454
643
7495
no
76850
54375
575
4550
no
76825
54375
102957
1243
no
179218
51200
581
3181
no
179236
51181
6963
1236
no
185582
48000
618
3563
no
185600
47981
3800
1200
no
188800
41600
600
7581
no
189000
17600
781
23995
no
187413
11362
775
4650
no
184213
10737
3962
737
no
182575
7937
912
3225
no
177774
7462
5113
811
no
176227
4972
1090
2454
no
155017
3950
21282
1163
no
154538
3962
437
2437
no
147475
7712
6062
562
no
145813
4975
1287
2487
no
139345
4018
6836
1072
no
131364
672
6490
1218
no
137904
1369
786
3152
no
139406
51162
900
3187
no
140013
49518
1593
1025
no
141006
43943
831
6456
no
142638
42887
5743
1325
no
147388
32606
1025
10975
no
145650
32593
2756
1300
no
144206
29462
993
3306
no
142125
29306
3000
1381
no
141025
26150
875
3375
no
139344
26187
1968
1300
no
137788
23000
1081
3487
no
136181
19818
937
3443
no
136173
7018
936
9090
no
134373
7000
2681
1263
no
133045
4063
972
3536
no
128082
3790
1
1
no
126618
881
1081
3300
no
46075
518
80534
1388
no
45200
545
1027
3681
no
13987
3727
30830
1385
no
12987
1362
975
2450
no
4436
562
9301
1346
no
3563
618
1000
7254
no
2250
6875
1800
1187
no
2100
7625
900
10687
no
2112
17562
2025
85
no
3587
17650
1025
9037
no
2162
26112
2118
1150
no
2100
27109
872
31190
no
2800
57581
727
881
no
74018
29654
1000
5836
no
64075
35825
9275
1275
no
62600
32925
950
3025
yes
1665
62782
35556
yes
1090
62818
23790
no
62627
25481
881
3390
no
62809
24536
700
1227
no
64300
23709
8981
1247
no
74018
23987
893
1593
no
73131
23850
993
1162
no
73237
35918
1037
950
no
74081
35318
662
1368
no
138236
3863
1954
1027
no
133436
7063
1681
1000
no
126919
3768
1
1
no
130013
006
1318
1387
no
130231
1275
1218
393
no
146119
7443
1668
506
no
146713
7793
1081
400
no
154163
6287
637
1306
no
153344
7450
1037
606
no
154313
7506
381
387
no
176400
7221
1547
604
no
176813
7700
1347
456
no
183381
10881
1356
512
no
187618
16054
963
1345
no
187773
17145
1581
536
no
141657
43017
1204
1043
no
141274
43204
939
1017
no
144400
32578
1965
1100
no
141156
29518
1387
943
no
137930
26287
1721
673
no
138230
26813
1565
447
no
136430
23173
1456
669
no
136822
23795
1208
282
no
139631
49803
675
1390
no
44804
3743
908
1095
no
45691
4013
243
634
no
13137
3762
1153
921
no
76837
60812
550
1187
yes
2000
136618
45863
yes
2000
88612
4262
yes
1
1
1
yes
1
1
1
no
72236
55618
727
8363
no
77472
58727
727
5272
no
72237
64587
5975
300
no
126582
-781
3472
781
no
73600
40301
3198
1298
no
54401
24300
3198
1298
no
35200
30700
3198
1298
no
96000
14700
3198
1298
no
128000
40298
3198
1298
no
131199
33900
3198
1298
no
156799
17900
3198
1298
no
179203
17900
3198
1298
no
14787
86400
1
1
no
19999
86400
1
1
no
16387
94300
3737
425
no
15237
93737
1
1
no
18600
93925
1000
775
yes
2000
136591
93636
yes
2000
130200
90881
yes
2000
139778
103243
yes
2000
133391
100394
yes
2000
136638
110075
yes
2000
152650
106869
yes
2000
162231
103263
yes
2000
155809
97165
yes
2000
168639
93656
yes
2000
152622
90471
no
163201
94701
3198
1298
no
134401
104300
3198
1298
yes
2900
163319
99481
no
148498
101703
797
701
no
142103
92098
797
701
yes
1200
167403
81937
no
130517
110404
486
1591
no
130791
110122
1065
360
no
132017
108852
369
1334
no
131674
110048
526
347
no
132145
105809
445
2990
no
132109
104500
345
1454
no
129900
103691
1009
281
no
130984
103894
937
353
no
131872
104106
421
478
no
129256
103802
671
362
no
129047
99196
346
4690
no
128939
97800
252
1543
no
126036
97309
1890
518
no
127764
97518
1181
572
no
125357
92965
852
4452
no
125391
91300
626
1647
no
124557
91095
1043
595
no
124022
78582
595
12517
no
124506
78218
3262
481
no
127650
77950
1156
525
no
128681
76812
518
1481
no
128856
75375
556
1425
no
129138
75100
39098
400
no
168200
75363
645
1463
no
168427
76781
663
1490
no
168800
78093
1050
387
no
169800
78450
578
12243
no
171373
90936
1554
545
no
170045
90800
1409
445
no
172964
91363
709
1418
no
173118
92809
600
1090
no
174482
94272
1518
418
no
173764
94100
745
390
no
173218
93963
754
418
no
175650
94706
350
2793
no
174619
99206
512
1268
no
174825
97800
406
1406
no
175025
97543
943
281
no
173055
100491
1636
381
no
172036
100627
990
427
no
171609
100845
454
1627
no
171388
102500
525
4325
no
169888
106913
1512
300
no
168850
107063
1037
325
no
168388
107338
412
1425
no
168217
108830
295
1204
no
161807
110078
6554
408
no
160506
110269
1400
475
no
160306
110556
418
1431
no
132588
87712
9450
375
no
142013
88000
975
250
no
142975
87850
1812
237
no
146538
87812
1900
287
no
148450
88125
837
262
no
149313
87712
9287
362
no
158613
88087
400
1100
no
158688
89137
712
212
no
159425
88912
4637
250
no
164075
89162
787
237
no
164463
83212
225
5912
no
126750
83200
37700
187
no
126745
83254
218
5545
no
126473
88909
727
454
no
127238
88956
4481
243
no
131800
89031
881
306
no
132319
87818
256
1193
yes
1147
147270
88560
yes
1147
142955
88637
no
130536
112009
463
1509
no
131045
113536
1036
427
no
132045
113709
336
2190
no
132309
115200
282
1626
no
132513
116500
7962
537
no
140675
116750
937
637
no
141575
116900
400
1725
no
141763
118438
425
3175
no
148988
115425
612
6162
no
149188
114050
400
1300
no
149313
113588
1187
450
no
150475
113313
9875
400
no
160225
112050
337
1262
no
148504
120904
534
700
no
77607
70388
302
7898
no
76207
77913
1000
775
no
73994
78288
3737
425
no
72844
77725
1075
712
no
72394
70388
412
7398
no
13118
168119
15372
7868
no
27513
175996
482
1695
no
13602
175991
482
1695
no
16604
176000
1882
2186
no
23002
176007
1882
2186
no
29736
172509
1872
2454
no
10007
172516
1872
2454
no
16618
166206
1856
1900
no
23015
166211
1856
1900
no
25618
159982
600
3490
no
28209
160000
600
3490
no
12827
159945
600
3490
no
15445
160000
600
3490
no
16000
159473
9600
490
no
28818
159545
9581
436
no
13436
162836
1990
345
no
26222
162845
1990
345
no
38425
160013
525
6337
no
38962
165975
2712
400
no
41600
165988
550
3575
no
42162
169050
9037
537
no
50750
167300
437
1725
no
51200
166988
1187
275
no
52075
160863
325
6112
no
52376
160606
13654
254
no
66050
160613
1162
500
no
67237
161163
425
2000
no
67837
162988
1675
1450
no
69212
164475
612
1900
no
69825
166050
4962
362
no
70425
163613
4362
537
no
74350
164188
412
1962
no
70000
159963
400
3662
no
70412
159650
3400
287
no
73800
160013
775
1412
no
73800
160750
9187
675
no
82450
159925
537
1062
no
83012
159613
3375
350
no
86412
160000
375
3575
no
82062
163625
4387
325
no
82025
163938
587
2425
no
82050
165663
5550
725
no
87062
164388
562
1287
no
87300
163113
1587
1287
no
88887
162875
725
300
no
89337
160500
275
2375
no
89612
160313
637
250
no
90225
160600
14175
462
no
104438
161088
362
3387
no
102963
164538
2662
3087
no
105650
167625
400
1912
no
105650
169088
9550
475
no
114430
147225
757
22336
no
67208
147193
47981
281
no
66562
140778
600
6434
no
68037
140788
1462
1162
no
80831
140794
1462
1162
no
84056
140794
1462
1162
no
93606
140781
1462
1162
no
96843
140819
1462
1162
no
109681
140781
1462
1162
no
112844
140806
1462
1162
no
125631
140794
1462
1162
no
128022
140824
208
6367
no
124800
147194
3225
343
no
124813
147550
300
28450
no
105613
175994
19168
1550
no
103225
177488
2400
1237
no
103213
177563
1212
4800
no
86412
182438
15600
1325
no
86448
183788
1072
5000
no
83212
188806
3254
927
no
83194
189751
545
2236
no
73594
201988
9618
472
no
72948
188806
663
3154
no
70421
188797
2536
390
no
69662
182388
737
6387
no
53594
182388
16063
445
no
53021
177488
445
4881
no
50821
177406
2409
590
no
50825
176000
387
887
no
38412
175991
12387
603
no
38425
176613
387
8987
no
3200
185598
35260
351
no
2887
182406
318
3181
no
006
182406
2881
318
no
-350
166388
350
16012
no
000
165875
3203
512
no
2757
159997
454
5863
no
3218
159450
9587
537
no
10325
159994
1675
1193
no
3923
159999
1675
1193
no
16706
159997
1675
1193
no
23119
159977
1675
1193
no
29540
159988
1675
1193
no
35928
159984
1675
1193
no
39318
166391
1300
1193
no
52325
165660
1032
1922
no
29526
182412
1675
1193
no
23100
182384
1675
1193
no
16725
182409
1675
1193
no
10332
182394
1675
1193
no
61633
175990
482
1695
no
65827
176008
482
1695
no
90408
175990
482
1695
no
94631
175970
482
1695
no
80237
167800
2700
4975
no
86685
172488
1909
2500
no
96876
172469
1909
2500
no
68039
172481
1909
2500
no
57989
172488
1909
2500
no
61112
168088
5690
7890
no
89927
168055
5690
7890
no
67703
144306
2281
2781
no
44818
223997
3185
3190
no
41616
211187
3185
3190
no
25607
211186
3185
3190
no
22416
214396
3185
3190
no
013
214398
3185
3190
no
44104
214406
709
9600
no
48048
227224
63812
636
no
54467
215933
509
11254
no
51930
215788
2509
381
no
51848
198406
663
17672
no
48012
198025
3200
337
no
47425
198438
575
1337
no
39048
199806
8363
1090
no
38430
198369
636
1454
no
35230
197442
3181
927
no
32048
198369
3163
3090
no
28958
198388
2872
1454
no
25267
197188
3709
1163
no
22376
198369
3000
1381
no
5739
199769
16636
990
no
2521
200769
3200
2327
no
1450
203125
1050
11237
no
3237
217638
19225
925
no
28812
211213
12825
1250
no
9931
206388
15275
7985
no
10216
214379
491
1608
no
13356
214706
2250
2775
no
3729
214613
2250
2775
no
3729
204994
2250
2775
no
13350
205000
2287
1431
no
19725
205000
2287
1425
no
156831
182424
3145
9581
no
154094
192297
2309
2781
no
140788
184163
6025
8525
no
146794
182406
400
3145
no
147200
182150
9637
250
no
140375
192700
450
2487
no
140863
195198
19154
207
no
160013
192006
327
3200
no
179223
182405
3145
9581
no
169592
182131
9637
250
no
169186
182387
400
3145
no
163180
184144
6025
8525
no
162767
192681
450
2487
no
163255
195179
26354
207
no
182413
188442
6418
345
no
183158
188824
1745
963
no
188849
188860
763
3109
no
189613
192024
581
3145
no
166438
156538
3150
2725
no
179175
156513
3150
2725
no
156800
147150
3000
1725
no
159888
143813
6087
4062
no
165967
143433
3645
554
no
167122
144015
1800
1036
no
169022
140778
572
2645
no
169613
139824
9600
981
no
179194
140824
763
3127
no
181575
140763
825
3225
no
179963
143950
1737
1162
no
182794
143915
5672
3963
no
182394
143551
7218
436
no
189576
144060
2436
6014
no
189625
155138
2396
7740
no
192013
150113
375
5025
no
192013
162938
425
6675
no
188394
169633
3618
272
no
179522
164915
8872
4727
no
182788
163588
2425
1300
no
156775
169624
22728
476
no
155988
148900
800
20712
no
176519
166681
2293
2781
no
156794
162788
8000
5181
no
157540
168024
1763
909
no
156788
153188
8025
5187
no
157488
158375
1762
937
no
144804
87563
086
288
no
146539
87525
066
286
no
121613
139784
6386
999
no
102426
139778
15968
1009
no
76830
139756
9563
1031
no
67187
139738
6387
1025
no
89630
139778
9581
1009
no
118391
138970
3226
804
no
99208
138951
3226
804
no
86405
138961
3226
804
no
73599
138917
3226
804
no
51230
198278
690
3300
no
146538
86264
341
1561
no
144549
86290
341
1561
no
012
93785
700
10202
no
714
93243
895
544
no
1612
94907
9595
382
no
1612
93735
302
1172
no
11199
94391
1600
1600
no
11021
93678
191
713
no
11212
93209
1697
578
no
005
89588
12904
4198
no
010
73589
701
15998
no
713
73589
11437
4196
no
3199
77744
8006
2243
no
9612
79975
1893
4800
no
2915
79987
1893
4800
no
12115
77678
4594
8104
no
16721
74200
14678
3569
no
31316
77778
586
1100
no
30416
78389
1583
7904
no
25591
85489
3225
4197
no
28831
86287
1581
718
no
24008
86285
1587
3358
no
15918
89590
16075
4184
no
31300
93775
712
10221
no
-005
103998
32030
671
no
28803
102397
1645
1581
no
22403
97469
3221
6493
no
15917
93605
14286
2394
no
1630
99196
6375
3197
no
32062
98393
3187
806
no
24030
80705
6390
3472
no
17612
77714
6409
2272
no
1631
121591
6375
3197
no
013
116180
700
10202
no
3207
120789
3187
806
no
1613
116130
302
1172
no
715
115638
895
544
no
1613
117302
9595
382
no
006
111983
16000
4198
no
11200
116787
1600
1600
no
11022
116074
191
713
no
11213
115604
1697
578
no
15312
116181
708
10206
no
006
126389
16016
486
no
13716
123192
1600
1604
no
35141
111989
16075
4184
no
35139
116004
14286
2394
no
41587
123092
3221
6493
no
50515
116173
720
13412
no
47982
127989
1645
1581
no
22410
129588
28824
423
no
22412
111990
701
17592
no
25293
121589
1893
4800
no
32014
118376
1893
4800
no
25601
116145
8006
2243
no
23115
111990
11437
4196
no
28806
121600
3201
4085
no
34512
116181
700
8003
no
86393
28804
1610
6385
no
131381
-012
1031
700
no
127576
3732
827
13
no
126913
3985
636
818
no
131022
3723
2018
1345
no
131022
3723
2018
1345
no
59162
137
9750
20400
no
68962
14487
3350
6200
no
56312
4837
2850
9950
no
68862
1887
6400
2750
no
68862
4537
2950
3450
